v = [2:7];
a = [1.1:0.2:1.7];
b = [8:-2:2];